-4	-4	0.287063
-4	-3.6	0.792335
-4	-3.2	1.59442
-4	-2.8	2.35452
-4	-2.4	2.59983
-4	-2	2.27445
-4	-1.6	1.88054
-4	-1.2	2.0241
-4	-0.8	2.92362
-4	-0.4	4.13654
-4	0	4.75693
-4	0.4	4.2786
-4	0.8	3.19395
-4	1.2	2.59089
-4	1.6	3.49367
-4	2	6.25987
-4	2.4	9.71871
-4	2.8	11.3891
-4	3.2	9.80858
-4	3.6	6.19173

-3.6	-4	0.61527
-3.6	-3.6	1.69837
-3.6	-3.2	3.42509
-3.6	-2.8	5.09097
-3.6	-2.4	5.70815
-3.6	-2	5.12167
-3.6	-1.6	4.21977
-3.6	-1.2	3.99763
-3.6	-0.8	4.82103
-3.6	-0.4	6.21804
-3.6	0	7.10981
-3.6	0.4	6.76661
-3.6	0.8	5.53033
-3.6	1.2	4.44875
-3.6	1.6	4.67867
-3.6	2	6.86496
-3.6	2.4	10.0731
-3.6	2.8	11.8375
-3.6	3.2	10.489
-3.6	3.6	6.96767

-3.2	-4	0.967366
-3.2	-3.6	2.66057
-3.2	-3.2	5.37075
-3.2	-2.8	8.04869
-3.2	-2.4	9.22394
-3.2	-2	8.62518
-3.2	-1.6	7.35661
-3.2	-1.2	6.53344
-3.2	-0.8	6.60919
-3.2	-0.4	7.47248
-3.2	0	8.46541
-3.2	0.4	8.81706
-3.2	0.8	8.21103
-3.2	1.2	6.92805
-3.2	1.6	5.95286
-3.2	2	6.48628
-3.2	2.4	8.49637
-3.2	2.8	10.2376
-3.2	3.2	9.93707
-3.2	3.6	7.55925

-2.8	-4	1.16197
-2.8	-3.6	3.12011
-2.8	-3.2	6.23636
-2.8	-2.8	9.3917
-2.8	-2.4	11.0509
-2.8	-2	10.9101
-2.8	-1.6	9.87331
-2.8	-1.2	8.66851
-2.8	-0.8	7.69606
-2.8	-0.4	7.52354
-2.8	0	8.41492
-2.8	0.4	9.77697
-2.8	0.8	10.3727
-2.8	1.2	9.29958
-2.8	1.6	7.2139
-2.8	2	6.03209
-2.8	2.4	6.9253
-2.8	2.8	9.06504
-2.8	3.2	10.4097
-2.8	3.6	9.4977

-2.4	-4	1.26078
-2.4	-3.6	3.05298
-2.4	-3.2	5.72941
-2.4	-2.8	8.40789
-2.4	-2.4	10.0347
-2.4	-2	10.4653
-2.4	-1.6	10.1224
-2.4	-1.2	9.05016
-2.4	-0.8	7.46345
-2.4	-0.4	6.47068
-2.4	0	7.13583
-2.4	0.4	9.13399
-2.4	0.8	10.6603
-2.4	1.2	10.0017
-2.4	1.6	7.53978
-2.4	2	5.62084
-2.4	2.4	6.2467
-2.4	2.8	9.22551
-2.4	3.2	12.164
-2.4	3.6	12.3449

-2	-4	1.7302
-2	-3.6	3.37319
-2	-3.2	5.23919
-2	-2.8	6.69873
-2	-2.4	7.47388
-2	-2	7.84526
-2	-1.6	7.92041
-2	-1.2	7.23821
-2	-0.8	5.77199
-2	-0.4	4.63355
-2	0	5.04433
-2	0.4	6.88482
-2	0.8	8.49509
-2	1.2	8.19084
-2	1.6	6.20195
-2	2	4.65925
-2	2.4	5.5999
-2	2.8	9.08932
-2	3.2	12.7305
-2	3.6	13.3925

-1.6	-4	3.00808
-1.6	-3.6	5.03505
-1.6	-3.2	6.39715
-1.6	-2.8	6.44658
-1.6	-2.4	5.67893
-1.6	-2	5.07028
-1.6	-1.6	4.83749
-1.6	-1.2	4.38004
-1.6	-0.8	3.42654
-1.6	-0.4	2.6343
-1.6	0	2.83595
-1.6	0.4	4.00395
-1.6	0.8	5.08248
-1.6	1.2	4.97907
-1.6	1.6	3.84069
-1.6	2	3.09436
-1.6	2.4	4.18906
-1.6	2.8	7.21763
-1.6	3.2	10.3278
-1.6	3.6	10.9724

-1.2	-4	4.73123
-1.2	-3.6	7.56782
-1.2	-3.2	8.89187
-1.2	-2.8	7.80925
-1.2	-2.4	5.42071
-1.2	-2	3.46666
-1.2	-1.6	2.52135
-1.2	-1.2	2.03868
-1.2	-0.8	1.53542
-1.2	-0.4	1.14643
-1.2	0	1.21935
-1.2	0.4	1.74588
-1.2	0.8	2.24937
-1.2	1.2	2.238
-1.2	1.6	1.79713
-1.2	2	1.6254
-1.2	2.4	2.45905
-1.2	2.8	4.34349
-1.2	3.2	6.22225
-1.2	3.6	6.60712

-0.8	-4	5.6868
-0.8	-3.6	9.00875
-0.8	-3.2	10.39
-0.8	-2.8	8.76624
-0.8	-2.4	5.51107
-0.8	-2	2.76798
-0.8	-1.6	1.35598
-0.8	-1.2	0.814195
-0.8	-0.8	0.553894
-0.8	-0.4	0.399267
-0.8	0	0.407159
-0.8	0.4	0.575038
-0.8	0.8	0.761106
-0.8	1.2	0.827052
-0.8	1.6	0.818078
-0.8	2	0.948253
-0.8	2.4	1.41753
-0.8	2.8	2.20322
-0.8	3.2	2.90857
-0.8	3.6	2.97268

-0.4	-4	5.01679
-0.4	-3.6	7.93031
-0.4	-3.2	9.10957
-0.4	-2.8	7.61591
-0.4	-2.4	4.66781
-0.4	-2	2.17267
-0.4	-1.6	0.893721
-0.4	-1.2	0.463328
-0.4	-0.8	0.331063
-0.4	-0.4	0.244641
-0.4	0	0.188022
-0.4	0.4	0.201755
-0.4	0.8	0.312121
-0.4	1.2	0.562205
-0.4	1.6	0.990942
-0.4	2	1.49927
-0.4	2.4	1.84095
-0.4	2.8	1.86273
-0.4	3.2	1.6283
-0.4	3.6	1.254

0	-4	3.24608
0	-3.6	5.11383
0	-3.2	5.85992
0	-2.8	4.89427
0	-2.4	3.02467
0	-2	1.51232
0	-1.6	0.863773
0	-1.2	0.779662
0	-0.8	0.775106
0	-0.4	0.62039
0	0	0.38675
0	0.4	0.260106
0	0.8	0.42456
0	1.2	1.0803
0	1.6	2.28959
0	2	3.60619
0	2.4	4.1672
0	2.8	3.5485
0	3.2	2.26354
0	3.6	1.12011

0.4	-4	1.68
0.4	-3.6	2.55519
0.4	-3.2	2.86527
0.4	-2.8	2.38967
0.4	-2.4	1.59793
0.4	-2	1.1845
0.4	-1.6	1.40824
0.4	-1.2	1.91584
0.4	-0.8	2.10495
0.4	-0.4	1.71519
0.4	0	1.04707
0.4	0.4	0.609377
0.4	0.8	0.821464
0.4	1.2	2.05913
0.4	1.6	4.40452
0.4	2	6.94815
0.4	2.4	7.978
0.4	2.8	6.66662
0.4	3.2	4.06504
0.4	3.6	1.82094

0.8	-4	1.28545
0.8	-3.6	1.60286
0.8	-3.2	1.53797
0.8	-2.8	1.2024
0.8	-2.4	1.01436
0.8	-2	1.43707
0.8	-1.6	2.58177
0.8	-1.2	3.87305
0.8	-0.8	4.3319
0.8	-0.4	3.55672
0.8	0	2.1847
0.8	0.4	1.20019
0.8	0.8	1.29236
0.8	1.2	2.94975
0.8	1.6	6.22842
0.8	2	9.81362
0.8	2.4	11.2793
0.8	2.8	9.45308
0.8	3.2	5.80598
0.8	3.6	2.64601

1.2	-4	2.54396
1.2	-3.6	2.69141
1.2	-3.2	2.14258
1.2	-2.8	1.43354
1.2	-2.4	1.25544
1.2	-2	2.07748
1.2	-1.6	3.89392
1.2	-1.2	5.8553
1.2	-0.8	6.57942
1.2	-0.4	5.50051
1.2	0	3.51945
1.2	0.4	1.97993
1.2	0.8	1.71545
1.2	1.2	3.20381
1.2	1.6	6.46557
1.2	2	10.1375
1.2	2.4	11.733
1.2	2.8	10.0339
1.2	3.2	6.46366
1.2	3.6	3.26666

1.6	-4	5.4863
1.6	-3.6	5.69286
1.6	-3.2	4.43694
1.6	-2.8	2.88763
1.6	-2.4	2.22538
1.6	-2	2.89813
1.6	-1.6	4.70394
1.6	-1.2	6.72071
1.6	-0.8	7.57507
1.6	-0.4	6.68098
1.6	0	4.82667
1.6	0.4	3.16311
1.6	0.8	2.38904
1.6	1.2	2.98687
1.6	1.6	5.12017
1.6	2	7.84829
1.6	2.4	9.34511
1.6	2.8	8.64779
1.6	3.2	6.53872
1.6	3.6	4.28954

2	-4	8.97863
2	-3.6	9.38291
2	-3.2	7.51641
2	-2.8	5.23747
2	-2.4	4.10843
2	-2	4.26767
2	-1.6	5.22223
2	-1.2	6.41919
2	-0.8	7.20283
2	-0.4	7.20597
2	0	6.54916
2	0.4	5.39688
2	0.8	4.02788
2	1.2	3.21283
2	1.6	3.65524
2	2	5.11907
2	2.4	6.66163
2	2.8	7.6131
2	3.2	7.74733
2	3.6	6.81323

2.4	-4	10.7408
2.4	-3.6	11.4219
2.4	-3.2	9.6946
2.4	-2.8	7.7506
2.4	-2.4	6.97694
2.4	-2	6.78924
2.4	-1.6	6.41333
2.4	-1.2	6.14991
2.4	-0.8	6.65228
2.4	-0.4	7.95216
2.4	0	9.12772
2.4	0.4	8.83814
2.4	0.8	6.82766
2.4	1.2	4.50661
2.4	1.6	3.45821
2.4	2	4.07321
2.4	2.4	5.93991
2.4	2.8	8.49667
2.4	3.2	10.6038
2.4	3.6	10.6084

2.8	-4	9.38919
2.8	-3.6	10.3179
2.8	-3.2	9.66653
2.8	-2.8	9.34868
2.8	-2.4	9.92674
2.8	-2	9.88933
2.8	-1.6	8.31804
2.8	-1.2	6.53709
2.8	-0.8	6.54853
2.8	-0.4	8.78962
2.8	0	11.438
2.8	0.4	11.8833
2.8	0.8	9.49404
2.8	1.2	6.34391
2.8	1.6	4.74746
2.8	2	5.25906
2.8	2.4	7.37097
2.8	2.8	10.4799
2.8	3.2	13.1915
2.8	3.6	13.3161

3.2	-4	6.02825
3.2	-3.6	7.02545
3.2	-3.2	7.64297
3.2	-2.8	9.12192
3.2	-2.4	11.0882
3.2	-2	11.4421
3.2	-1.6	9.31446
3.2	-1.2	6.64375
3.2	-0.8	6.10911
3.2	-0.4	8.36855
3.2	0	11.3487
3.2	0.4	12.1346
3.2	0.8	10.0909
3.2	1.2	7.52364
3.2	1.6	6.77767
3.2	2	7.91984
3.2	2.4	9.81149
3.2	2.8	11.8359
3.2	3.2	13.2996
3.2	3.6	12.7073

3.6	-4	2.86988
3.6	-3.6	3.69041
3.6	-3.2	4.87825
3.6	-2.8	7.03847
3.6	-2.4	9.3689
3.6	-2	9.91051
3.6	-1.6	8.00468
3.6	-1.2	5.4538
3.6	-0.8	4.63801
3.6	-0.4	6.17047
3.6	0	8.42767
3.6	0.4	9.1975
3.6	0.8	8.16704
3.6	1.2	7.31937
3.6	1.6	8.31631
3.6	2	10.388
3.6	2.4	11.6756
3.6	2.8	11.6693
3.6	3.2	10.9001
3.6	3.6	9.27935

