  0.000768766592 -0.000963997786  0.000934214274 -0.00329842184  0.00166021877
  0.0027279273  0.00106448003 -0.00106225102  0.00182104932  0.00171832752
 -0.00194206564  0.0014929014 -0.00116058938 -0.000373776699 -0.00084862616
  5.3535052E-05 -0.000290616002  0.00061037771  0.00181083775  0.000397188437
 -0.00127176573  0.0024611883  0.00101444461 -0.00140799131 -0.00089251693
  0.00160286489 -0.000551075378  0.000865394314 -0.0015807442 -0.00169205037
  0.00181355104  0.0024015558 -0.00132159145 -0.00194861723  0.0019931232
  0.000641425184 -0.000640520268 -2.47630224E-06  0.00111215039  2.02612302E-05
 -0.00028015573  0.000676650037 -0.000674517105 -0.000856784579  0.00185969787
  0.0010885377  0.00116113435  0.0016452086  0.00127418006  0.00206840618
 -0.00131134183  5.64781904E-05  0.000633964913  0.00212370104  0.00492274822
  0.00215881655 -0.000692416157 -0.00251142967 -0.000790172275 -0.000772753145
 -0.00103905122 -0.00258421641 -0.00375448716 -0.000902346933 -0.0014022863
  0.000985131191 -0.000524726013  0.00174850566 -0.00211716021  0.000167596964
 -0.00405758688 -0.00346859908  0.000431390442  0.00116519766 -0.00120540166
 -0.00131466402  0.000312758124  0.000254239175  0.00150470016 -0.00315222427
 -0.00418149382 -0.00282737693 -0.00347146932 -0.000122212289 -0.00138342632
  0.000645949309 -0.0012731508  0.00163467236 -0.00245389432  0.00159522987
 -0.00132018491 -0.00261479319 -0.000501388817 -0.00316633674  0.000321361051
 -0.00258994656 -0.00179692454 -0.000778520191  0.0012990426 -0.00403286414
