2148.654725 686.118111 
1374.941316 114.411524 
308.882020 105.279611 
215.219916 153.649405 
566.683648 161.900075 
211.247683 189.145236 
242.883956 164.565493 
342.277236 153.693776 
197.283177 154.223603 
206.644813 177.553526 
197.265856 167.168778 
208.090355 182.617405 
254.252166 223.938270 
250.688124 223.654729 
240.808794 217.236156 
226.170373 206.703548 
251.708028 229.643432 
596.622818 531.293163 
335.171988 313.352950 
683.675979 393.641608 
411.903777 367.385539 
554.165565 442.303720 
419.978825 393.704766 
388.831048 367.649349 
409.426591 369.504527 
388.725664 367.893534 
428.450771 433.987601 
431.741299 411.906813 
436.163754 415.398141 
430.204493 410.514401 
460.021807 410.574461 
437.816444 416.641246 
458.067977 351.178905 
395.635758 319.929226 
380.517907 283.184661 
266.515818 207.914961 
220.284096 198.580632 
214.718201 195.274126 
202.024437 177.884042 
190.575951 174.936216 
155.307630 112.203874 
135.719532 121.125334 
125.153462 111.585888 
115.727673 100.476737 
102.058495 84.397886 
87.127857 76.028501 
86.990946 80.101145 
82.635769 71.399828 
80.463029 72.685944 
75.656812 60.408421 
65.255381 62.268760 
84.876148 78.990580 
106.435385 99.645015 
102.141492 92.955271 
162.670639 132.381343 
138.088653 114.643347 
94.293949 84.167207 
105.118347 60.701841 
61.185210 44.595677 
59.690215 55.566423 
77.570110 72.151401 
172.038216 54.418482 
58.390911 55.393069 
84.315631 79.755268 
612.183645 115.413970 
66.637833 64.234350 
122.114621 42.122353 
88.990060 73.393070 
84.667740 80.383452 
90.302043 66.429687 
92.987158 81.330848 
63.461009 55.445677 
55.716693 31.062349 
38.692909 30.786337 
25.010806 22.441834 
27.993069 25.431628 
29.509516 27.828874 
56.981463 48.111193 
47.590232 33.315896 
31.200340 27.086547 
21.449550 20.802222 
21.282771 20.602284 
14.867363 13.312596 
17.256683 16.629474 
24.167434 12.556391 
28.871498 17.748151 
914.431770 121.219363 
151.960791 22.186473 
38.657745 16.055622 
11.230448 4.358665 
11.663773 8.532827 
18.432805 12.681484 
8.461759 7.389219 
9.230871 7.883723 
7.855211 3.624724 
6.656753 5.036989 
4.467491 2.760874 
3.690758 3.320170 
3.444997 2.001551 
3.153638 2.545113 
2.681725 2.456061 
3.310304 3.089175 
3.538683 3.315629 
3.268291 2.616274 
2.423755 2.203397 
2.663510 2.476472 
2.719498 2.525844 
2.833035 2.654216 
2.665632 2.509688 
3.797688 3.657865 
2.806130 2.646478 
5.375866 5.014952 
2.723145 2.590712 
3.571155 3.406232 
3.672743 1.944412 
2.867047 2.601257 
4.159741 3.736793 
3.898338 2.984182 
2.797456 2.624113 
2.099623 1.329204 
2.366516 2.124221 
2.015579 1.932970 
0.143166 0.214458 
0.928363 0.242748 
0.296714 0.282244 
0.347042 0.307868 
0.385692 0.361836 
0.372826 0.343062 
1.174635 1.001868 
1.618370 0.881456 
1.141036 0.493727 
0.969094 0.562648 
1.029702 0.875400 
1.665864 1.288357 
1.947806 1.245345 
1.720497 0.669612 
1.214050 0.880895 
0.808387 0.615985 
0.609834 0.503898 
0.515026 0.399018 
0.304356 0.282981 
0.392430 0.360286 
0.359133 0.201713 
0.335450 0.311064 
0.458049 0.422208 
0.492446 0.444824 
0.390680 0.298744 
0.348164 0.328987 
0.385629 0.361224 
0.335403 0.306150 
0.313573 0.284833 
0.360649 0.289254 
0.395072 0.346043 
0.366390 0.265095 
0.836799 0.664635 
0.580004 0.520958 
2.389950 0.497282 
0.517307 0.343276 
0.289356 0.276202 
0.436442 0.279614 
0.285083 0.266905 
0.454243 0.392215 
0.275055 0.234975 
0.339075 0.313021 
0.370054 0.341412 
0.316459 0.286773 
0.339893 0.299229 
0.382908 0.278848 
0.291133 0.246370 
0.332050 0.269721 
0.394456 0.323962 
0.302317 0.228151 
0.289814 0.134155 
0.140734 0.129974 
0.147338 0.135927 
0.148474 0.137973 
0.137649 0.129696 
0.133479 0.101021 
0.132072 0.032547 
0.035497 0.032937 
0.034072 0.031534 
0.030712 0.028759 
0.032115 0.028913 
0.083775 0.066756 
0.050701 0.046035 
0.064803 0.061565 
0.098794 0.064771 
0.046027 0.042396 
0.065724 0.019139 
0.017832 0.011706 
0.034146 0.009973 
0.012172 0.010868 
0.013427 0.012549 
0.013451 0.012573 
0.013378 0.012422 
0.013611 0.012404 
0.012081 0.010874 
0.011045 0.007721 
0.010233 0.007045 
0.008083 0.006727 
0.007298 0.005766 
0.006937 0.006098 
0.006221 0.004506 
0.005532 0.004426 
0.004909 0.004100 
0.004453 0.003470 
0.003683 0.003049 
0.002935 0.002370 
0.002721 0.002280 
0.002581 0.001548 
0.002026 0.001723 
0.002107 0.001647 
0.002033 0.001707 
0.001953 0.001762 
0.001842 0.001622 
0.001660 0.001335 
0.001520 0.001226 
0.001285 0.001165 
0.001395 0.001055 
0.001227 0.000761 
0.000737 0.000438 
0.000420 0.000256 
0.000229 0.000207 
0.000174 0.000163 
0.000101 0.000111 
0.000383 0.000388 
0.000260 0.000236 
0.000180 0.000159 
0.000143 0.000133 
0.000184 0.000188 
0.000177 0.000120 
0.000220 0.000214 
0.000098 0.000054 
0.000112 0.000107 
0.000052 0.000037 
0.000072 0.000091 
0.000118 0.000058 
0.000057 0.000058 
0.000065 0.000074 
0.000107 0.000088 
0.000132 0.000116 
0.000121 0.000097 
0.000101 0.000087 
0.000134 0.000112 
0.000154 0.000134 
0.000158 0.000132 
0.000100 0.000079 
0.000107 0.000089 
0.000103 0.000078 
0.000105 0.000024 
0.000028 0.000026 
0.000019 0.000015 
0.000020 0.000016 
0.000008 0.000010 
0.000010 0.000010 
0.000014 0.000014 
0.000011 0.000012 
0.000012 0.000011 
0.000009 0.000011 
