-4	-4	0.243489
-4	-3.6	0.666073
-4	-3.2	1.33227
-4	-2.8	1.96231
-4	-2.4	2.17599
-4	-2	1.95227
-4	-1.6	1.75884
-4	-1.2	2.18655
-4	-0.8	3.46568
-4	-0.4	5.09197
-4	0	6.08287
-4	0.4	6.09613
-4	0.8	5.91189
-4	1.2	6.34018
-4	1.6	7.41173
-4	2	8.88366
-4	2.4	10.286
-4	2.8	10.4357
-4	3.2	8.46824
-4	3.6	5.22652

-3.6	-4	0.548953
-3.6	-3.6	1.48336
-3.6	-3.2	2.94567
-3.6	-2.8	4.33723
-3.6	-2.4	4.85934
-3.6	-2	4.43759
-3.6	-1.6	3.88019
-3.6	-1.2	4.10897
-3.6	-0.8	5.47279
-3.6	-0.4	7.3856
-3.6	0	8.6347
-3.6	0.4	8.74567
-3.6	0.8	8.59217
-3.6	1.2	8.99999
-3.6	1.6	9.79013
-3.6	2	10.6505
-3.6	2.4	11.408
-3.6	2.8	11.2122
-3.6	3.2	9.19215
-3.6	3.6	5.92966

-3.2	-4	0.964097
-3.2	-3.6	2.53259
-3.2	-3.2	4.93315
-3.2	-2.8	7.20551
-3.2	-2.4	8.14638
-3.2	-2	7.65744
-3.2	-1.6	6.76691
-3.2	-1.2	6.45496
-3.2	-0.8	7.08611
-3.2	-0.4	8.34571
-3.2	0	9.35768
-3.2	0.4	9.66203
-3.2	0.8	9.76895
-3.2	1.2	10.0716
-3.2	1.6	10.2346
-3.2	2	10.1649
-3.2	2.4	10.2128
-3.2	2.8	10.0816
-3.2	3.2	8.89926
-3.2	3.6	6.5267

-2.8	-4	1.41495
-2.8	-3.6	3.51524
-2.8	-3.2	6.56015
-2.8	-2.8	9.32935
-2.8	-2.4	10.5176
-2.8	-2	10.1605
-2.8	-1.6	9.25615
-2.8	-1.2	8.41224
-2.8	-0.8	7.83243
-2.8	-0.4	7.74824
-2.8	0	8.10403
-2.8	0.4	8.6187
-2.8	0.8	9.13803
-2.8	1.2	9.38676
-2.8	1.6	9.06759
-2.8	2	8.55298
-2.8	2.4	8.63906
-2.8	2.8	9.35447
-2.8	3.2	9.61941
-2.8	3.6	8.36243

-2.4	-4	1.89972
-2.4	-3.6	4.31697
-2.4	-3.2	7.46888
-2.4	-2.8	10.0118
-2.4	-2.4	10.9215
-2.4	-2	10.5977
-2.4	-1.6	9.90856
-2.4	-1.2	8.90519
-2.4	-0.8	7.49147
-2.4	-0.4	6.30162
-2.4	0	6.02132
-2.4	0.4	6.60884
-2.4	0.8	7.42445
-2.4	1.2	7.7685
-2.4	1.6	7.54243
-2.4	2	7.46458
-2.4	2.4	8.37898
-2.4	2.8	10.2529
-2.4	3.2	11.7418
-2.4	3.6	11.1117

-2	-4	2.51438
-2	-3.6	5.06594
-2	-3.2	7.88169
-2	-2.8	9.60273
-2	-2.4	9.68241
-2	-2	9.00061
-2	-1.6	8.42246
-2	-1.2	7.65495
-2	-0.8	6.27791
-2	-0.4	4.8576
-2	0	4.29499
-2	0.4	4.7391
-2	0.8	5.53655
-2	1.2	6.05618
-2	1.6	6.41721
-2	2	7.26647
-2	2.4	9.0167
-2	2.8	11.3735
-2	3.2	13.0646
-2	3.6	12.4005

-1.6	-4	3.45343
-1.6	-3.6	5.95414
-1.6	-3.2	8.09765
-1.6	-2.8	8.71302
-1.6	-2.4	7.78294
-1.6	-2	6.5601
-1.6	-1.6	5.97557
-1.6	-1.2	5.66862
-1.6	-0.8	4.96189
-1.6	-0.4	4.00828
-1.6	0	3.49599
-1.6	0.4	3.68555
-1.6	0.8	4.21656
-1.6	1.2	4.81321
-1.6	1.6	5.72363
-1.6	2	7.20419
-1.6	2.4	9.03772
-1.6	2.8	10.7497
-1.6	3.2	11.5958
-1.6	3.6	10.5899

-1.2	-4	4.99993
-1.2	-3.6	7.22947
-1.2	-3.2	8.34928
-1.2	-2.8	7.72575
-1.2	-2.4	5.94457
-1.2	-2	4.39217
-1.2	-1.6	3.89547
-1.2	-1.2	4.07796
-1.2	-0.8	4.11858
-1.2	-0.4	3.7841
-1.2	0	3.48088
-1.2	0.4	3.50883
-1.2	0.8	3.7804
-1.2	1.2	4.32502
-1.2	1.6	5.39688
-1.2	2	6.82969
-1.2	2.4	7.95863
-1.2	2.8	8.37732
-1.2	3.2	8.0487
-1.2	3.6	6.81739

-0.8	-4	7.07226
-0.8	-3.6	8.85614
-0.8	-3.2	8.72021
-0.8	-2.8	6.85185
-0.8	-2.4	4.47157
-0.8	-2	2.8719
-0.8	-1.6	2.54341
-0.8	-1.2	3.02498
-0.8	-0.8	3.49652
-0.8	-0.4	3.57977
-0.8	0	3.51239
-0.8	0.4	3.57096
-0.8	0.8	3.80077
-0.8	1.2	4.37183
-0.8	1.6	5.43684
-0.8	2	6.49541
-0.8	2.4	6.70688
-0.8	2.8	5.92564
-0.8	3.2	4.70799
-0.8	3.6	3.44668

-0.4	-4	8.63892
-0.4	-3.6	9.90133
-0.4	-3.2	8.69081
-0.4	-2.8	5.9538
-0.4	-2.4	3.33668
-0.4	-2	1.87991
-0.4	-1.6	1.67728
-0.4	-1.2	2.18683
-0.4	-0.8	2.71248
-0.4	-0.4	2.92609
-0.4	0	2.99615
-0.4	0.4	3.16145
-0.4	0.8	3.54369
-0.4	1.2	4.36939
-0.4	1.6	5.64612
-0.4	2	6.59948
-0.4	2.4	6.28305
-0.4	2.8	4.76313
-0.4	3.2	2.99032
-0.4	3.6	1.67303

0	-4	8.36643
0	-3.6	9.13431
0	-3.2	7.48998
0	-2.8	4.69989
0	-2.4	2.39556
0	-2	1.30284
0	-1.6	1.26362
0	-1.2	1.72797
0	-0.8	2.12462
0	-0.4	2.21297
0	0	2.17622
0	0.4	2.29865
0	0.8	2.81571
0	1.2	4.01314
0	1.6	5.80564
0	2	7.19479
0	2.4	6.98299
0	2.8	5.1637
0	3.2	2.91999
0	3.6	1.29814

0.4	-4	6.27126
0.4	-3.6	6.6721
0.4	-3.2	5.2917
0.4	-2.8	3.23159
0.4	-2.4	1.73439
0.4	-2	1.2587
0.4	-1.6	1.60056
0.4	-1.2	2.22737
0.4	-0.8	2.53545
0.4	-0.4	2.28731
0.4	0	1.80259
0.4	0.4	1.58519
0.4	0.8	2.04463
0.4	1.2	3.53715
0.4	1.6	5.97368
0.4	2	8.19299
0.4	2.4	8.56909
0.4	2.8	6.7162
0.4	3.2	3.93538
0.4	3.6	1.73291

0.8	-4	4.07847
0.8	-3.6	4.30318
0.8	-3.2	3.44782
0.8	-2.8	2.31696
0.8	-2.4	1.72978
0.8	-2	1.96761
0.8	-1.6	2.8744
0.8	-1.2	3.8885
0.8	-0.8	4.19268
0.8	-0.4	3.45299
0.8	0	2.23945
0.8	0.4	1.42969
0.8	0.8	1.62258
0.8	1.2	3.19569
0.8	1.6	6.08449
0.8	2	9.07023
0.8	2.4	10.1572
0.8	2.8	8.49136
0.8	3.2	5.31864
0.8	3.6	2.51917

1.2	-4	3.72585
1.2	-3.6	3.97049
1.2	-3.2	3.37507
1.2	-2.8	2.73796
1.2	-2.4	2.72501
1.2	-2	3.45218
1.2	-1.6	4.73092
1.2	-1.2	5.97749
1.2	-0.8	6.20698
1.2	-0.4	4.99045
1.2	0	3.11058
1.2	0.4	1.75265
1.2	0.8	1.60769
1.2	1.2	2.96771
1.2	1.6	5.76655
1.2	2	8.94667
1.2	2.4	10.5583
1.2	2.8	9.44474
1.2	3.2	6.46087
1.2	3.6	3.4291

1.6	-4	5.80867
1.6	-3.6	6.22397
1.6	-3.2	5.41181
1.6	-2.8	4.60243
1.6	-2.4	4.63422
1.6	-2	5.3619
1.6	-1.6	6.3963
1.6	-1.2	7.28456
1.6	-0.8	7.23249
1.6	-0.4	5.84866
1.6	0	3.8755
1.6	0.4	2.44474
1.6	0.8	2.13691
1.6	1.2	3.07592
1.6	1.6	5.1845
1.6	2	7.82389
1.6	2.4	9.62204
1.6	2.8	9.40188
1.6	3.2	7.29191
1.6	3.6	4.51789

2	-4	8.95871
2	-3.6	9.60218
2	-3.2	8.35339
2	-2.8	7.06129
2	-2.4	6.84603
2	-2	7.19996
2	-1.6	7.44882
2	-1.2	7.47564
2	-0.8	7.06419
2	-0.4	5.99748
2	0	4.68459
2	0.4	3.8076
2	0.8	3.66829
2	1.2	4.21221
2	1.6	5.33915
2	2	6.91804
2	2.4	8.45881
2	2.8	9.07179
2	3.2	8.14192
2	3.6	5.96776

2.4	-4	10.5857
2.4	-3.6	11.4044
2.4	-3.2	10.0768
2.4	-2.8	8.76633
2.4	-2.4	8.61387
2.4	-2	8.73644
2.4	-1.6	8.28926
2.4	-1.2	7.58914
2.4	-0.8	7.03874
2.4	-0.4	6.56797
2.4	0	6.17932
2.4	0.4	6.06197
2.4	0.8	6.27069
2.4	1.2	6.60836
2.4	1.6	6.87287
2.4	2	7.26191
2.4	2.4	8.11922
2.4	2.8	9.12747
2.4	3.2	9.28574
2.4	3.6	7.91025

2.8	-4	9.18483
2.8	-3.6	10.0549
2.8	-3.2	9.31783
2.8	-2.8	8.86498
2.8	-2.4	9.4216
2.8	-2	9.83658
2.8	-1.6	9.33927
2.8	-1.2	8.591
2.8	-0.8	8.24716
2.8	-0.4	8.17946
2.8	0	8.18817
2.8	0.4	8.35771
2.8	0.8	8.75283
2.8	1.2	9.11671
2.8	1.6	9.04978
2.8	2	8.70961
2.8	2.4	8.87273
2.8	2.8	9.88255
2.8	3.2	10.8491
2.8	3.6	10.3087

3.2	-4	5.8369
3.2	-3.6	6.61639
3.2	-3.2	6.73916
3.2	-2.8	7.44513
3.2	-2.4	8.88163
3.2	-2	9.87852
3.2	-1.6	9.92901
3.2	-1.2	9.77431
3.2	-0.8	9.83043
3.2	-0.4	9.71468
3.2	0	9.31529
3.2	0.4	9.07423
3.2	0.8	9.35719
3.2	1.2	9.99124
3.2	1.6	10.3909
3.2	2	10.3016
3.2	2.4	10.2968
3.2	2.8	11.1397
3.2	3.2	12.4461
3.2	3.6	12.4633

3.6	-4	2.73203
3.6	-3.6	3.30667
3.6	-3.2	3.91293
3.6	-2.8	5.17553
3.6	-2.4	6.90538
3.6	-2	8.21008
3.6	-1.6	8.87133
3.6	-1.2	9.42608
3.6	-0.8	9.8187
3.6	-0.4	9.43595
3.6	0	8.38468
3.6	0.4	7.54543
3.6	0.8	7.62986
3.6	1.2	8.6644
3.6	1.6	10.0193
3.6	2	10.9068
3.6	2.4	11.2313
3.6	2.8	11.774
3.6	3.2	12.7925
3.6	3.6	12.8643

