-4	-4	0.24048
-4	-3.6	0.657842
-4	-3.2	1.31623
-4	-2.8	1.94074
-4	-2.4	2.15812
-4	-2	1.94847
-4	-1.6	1.77124
-4	-1.2	2.20708
-4	-0.8	3.48392
-4	-0.4	5.10307
-4	0	6.08808
-4	0.4	6.09953
-4	0.8	5.91781
-4	1.2	6.35075
-4	1.6	7.42451
-4	2	8.89318
-4	2.4	10.2889
-4	2.8	10.4334
-4	3.2	8.46439
-4	3.6	5.2237

-3.6	-4	0.542684
-3.6	-3.6	1.4662
-3.6	-3.2	2.91254
-3.6	-2.8	4.29434
-3.6	-2.4	4.82911
-3.6	-2	4.44488
-3.6	-1.6	3.92868
-3.6	-1.2	4.17553
-3.6	-0.8	5.52819
-3.6	-0.4	7.41666
-3.6	0	8.64539
-3.6	0.4	8.74628
-3.6	0.8	8.59262
-3.6	1.2	9.00677
-3.6	1.6	9.80258
-3.6	2	10.662
-3.6	2.4	11.413
-3.6	2.8	11.2111
-3.6	3.2	9.18889
-3.6	3.6	5.92709

-3.2	-4	0.954967
-3.2	-3.6	2.5074
-3.2	-3.2	4.88501
-3.2	-2.8	7.14685
-3.2	-2.4	8.11759
-3.2	-2	7.70239
-3.2	-1.6	6.88865
-3.2	-1.2	6.60412
-3.2	-0.8	7.20311
-3.2	-0.4	8.40641
-3.2	0	9.3733
-3.2	0.4	9.65328
-3.2	0.8	9.75324
-3.2	1.2	10.0619
-3.2	1.6	10.2355
-3.2	2	10.1714
-3.2	2.4	10.2175
-3.2	2.8	10.0823
-3.2	3.2	8.89784
-3.2	3.6	6.52535

-2.8	-4	1.4063
-2.8	-3.6	3.49054
-2.8	-3.2	6.51316
-2.8	-2.8	9.27774
-2.8	-2.4	10.514
-2.8	-2	10.2593
-2.8	-1.6	9.4517
-2.8	-1.2	8.62526
-2.8	-0.8	7.97919
-2.8	-0.4	7.80826
-2.8	0	8.10744
-2.8	0.4	8.59663
-2.8	0.8	9.10714
-2.8	1.2	9.35967
-2.8	1.6	9.05333
-2.8	2	8.55079
-2.8	2.4	8.64181
-2.8	2.8	9.35691
-2.8	3.2	9.62047
-2.8	3.6	8.36283

-2.4	-4	1.89598
-2.4	-3.6	4.3039
-2.4	-3.2	7.44281
-2.4	-2.8	9.98896
-2.4	-2.4	10.9465
-2.4	-2	10.7069
-2.4	-1.6	10.0672
-2.4	-1.2	9.01353
-2.4	-0.8	7.48723
-2.4	-0.4	6.22608
-2.4	0	5.95542
-2.4	0.4	6.5829
-2.4	0.8	7.4177
-2.4	1.2	7.76047
-2.4	1.6	7.53359
-2.4	2	7.46134
-2.4	2.4	8.38145
-2.4	2.8	10.2572
-2.4	3.2	11.7453
-2.4	3.6	11.1138

-2	-4	2.51718
-2	-3.6	5.06856
-2	-3.2	7.88219
-2	-2.8	9.6064
-2	-2.4	9.69909
-2	-2	9.00461
-2	-1.6	8.31234
-2	-1.2	7.32189
-2	-0.8	5.76519
-2	-0.4	4.38513
-2	0	4.06231
-2	0.4	4.75237
-2	0.8	5.65679
-2	1.2	6.15681
-2	1.6	6.46151
-2	2	7.27616
-2	2.4	9.01775
-2	2.8	11.3758
-2	3.2	13.0679
-2	3.6	12.4031

-1.6	-4	3.46013
-1.6	-3.6	5.96645
-1.6	-3.2	8.113
-1.6	-2.8	8.72008
-1.6	-2.4	7.73994
-1.6	-2	6.34416
-1.6	-1.6	5.3783
-1.6	-1.2	4.57209
-1.6	-0.8	3.59412
-1.6	-0.4	2.8947
-1.6	0	3.03587
-1.6	0.4	3.83515
-1.6	0.8	4.61776
-1.6	1.2	5.14006
-1.6	1.6	5.86954
-1.6	2	7.22509
-1.6	2.4	9.018
-1.6	2.8	10.7335
-1.6	3.2	11.5903
-1.6	3.6	10.5896

-1.2	-4	5.00612
-1.2	-3.6	7.24201
-1.2	-3.2	8.36391
-1.2	-2.8	7.71751
-1.2	-2.4	5.82727
-1.2	-2	3.95331
-1.2	-1.6	2.82354
-1.2	-1.2	2.24571
-1.2	-0.8	1.93904
-1.2	-0.4	2.09403
-1.2	0	2.88575
-1.2	0.4	3.90515
-1.2	0.8	4.55864
-1.2	1.2	4.92648
-1.2	1.6	5.63756
-1.2	2	6.82096
-1.2	2.4	7.8733
-1.2	2.8	8.31185
-1.2	3.2	8.0194
-1.2	3.6	6.80891

-0.8	-4	7.07498
-0.8	-3.6	8.86316
-0.8	-3.2	8.72685
-0.8	-2.8	6.82938
-0.8	-2.4	4.31988
-0.8	-2	2.35097
-0.8	-1.6	1.31439
-0.8	-1.2	0.968708
-0.8	-0.8	1.0983
-0.8	-0.4	1.78878
-0.8	0	3.00607
-0.8	0.4	4.20717
-0.8	0.8	4.83722
-0.8	1.2	5.12132
-0.8	1.6	5.67783
-0.8	2	6.39326
-0.8	2.4	6.51503
-0.8	2.8	5.78822
-0.8	3.2	4.64501
-0.8	3.6	3.42675

-0.4	-4	8.63786
-0.4	-3.6	9.9024
-0.4	-3.2	8.69072
-0.4	-2.8	5.92997
-0.4	-2.4	3.20872
-0.4	-2	1.45587
-0.4	-1.6	0.689488
-0.4	-1.2	0.549047
-0.4	-0.8	0.828402
-0.4	-0.4	1.57547
-0.4	0	2.7332
-0.4	0.4	3.84931
-0.4	0.8	4.52202
-0.4	1.2	5.01951
-0.4	1.6	5.77528
-0.4	2	6.38926
-0.4	2.4	6.00659
-0.4	2.8	4.57552
-0.4	3.2	2.90545
-0.4	3.6	1.64611

0	-4	8.36331
0	-3.6	9.13202
0	-3.2	7.48719
0	-2.8	4.68391
0	-2.4	2.32006
0	-2	1.05731
0	-1.6	0.694969
0	-1.2	0.790505
0	-0.8	1.06074
0	-0.4	1.48807
0	0	2.12044
0	0.4	2.81604
0	0.8	3.47479
0	1.2	4.40461
0	1.6	5.80876
0	2	6.95746
0	2.4	6.72112
0	2.8	4.99583
0	3.2	2.84735
0	3.6	1.27629

0.4	-4	6.26822
0.4	-3.6	6.66928
0.4	-3.2	5.28899
0.4	-2.8	3.22394
0.4	-2.4	1.70284
0.4	-2	1.15806
0.4	-1.6	1.36852
0.4	-1.2	1.84668
0.4	-0.8	2.11029
0.4	-0.4	2.01759
0.4	0	1.83022
0.4	0.4	1.86132
0.4	0.8	2.36344
0.4	1.2	3.70232
0.4	1.6	5.93459
0.4	2	8.03962
0.4	2.4	8.42211
0.4	2.8	6.63288
0.4	3.2	3.90524
0.4	3.6	1.72629

0.8	-4	4.07661
0.8	-3.6	4.30124
0.8	-3.2	3.44593
0.8	-2.8	2.3138
0.8	-2.4	1.72062
0.8	-2	1.94132
0.8	-1.6	2.81528
0.8	-1.2	3.79226
0.8	-0.8	4.08817
0.8	-0.4	3.39737
0.8	0	2.27446
0.8	0.4	1.53845
0.8	0.8	1.73698
0.8	1.2	3.25269
0.8	1.6	6.07612
0.8	2	9.03748
0.8	2.4	10.1404
0.8	2.8	8.49615
0.8	3.2	5.32955
0.8	3.6	2.52565

1.2	-4	3.72511
1.2	-3.6	3.96943
1.2	-3.2	3.37345
1.2	-2.8	2.73555
1.2	-2.4	2.72242
1.2	-2	3.4513
1.2	-1.6	4.73347
1.2	-1.2	5.98337
1.2	-0.8	6.21607
1.2	-0.4	5.0062
1.2	0	3.13777
1.2	0.4	1.78912
1.2	0.8	1.64272
1.2	1.2	2.99419
1.2	1.6	5.79205
1.2	2	8.9841
1.2	2.4	10.6058
1.2	2.8	9.48509
1.2	3.2	6.48235
1.2	3.6	3.43543

1.6	-4	5.8086
1.6	-3.6	6.22333
1.6	-3.2	5.40979
1.6	-2.8	4.59868
1.6	-2.4	4.63075
1.6	-2	5.3644
1.6	-1.6	6.41143
1.6	-1.2	7.31338
1.6	-0.8	7.26726
1.6	-0.4	5.87887
1.6	0	3.89654
1.6	0.4	2.45884
1.6	0.8	2.14908
1.6	1.2	3.09274
1.6	1.6	5.2132
1.6	2	7.86447
1.6	2.4	9.66117
1.6	2.8	9.42386
1.6	3.2	7.2953
1.6	3.6	4.51363

2	-4	8.95901
2	-3.6	9.60173
2	-3.2	8.35102
2	-2.8	7.05625
2	-2.4	6.84017
2	-2	7.19899
2	-1.6	7.4595
2	-1.2	7.4992
2	-0.8	7.09312
2	-0.4	6.02111
2	0	4.69789
2	0.4	3.81335
2	0.8	3.67269
2	1.2	4.22074
2	1.6	5.35369
2	2	6.93334
2	2.4	8.46411
2	2.8	9.06232
2	3.2	8.12614
2	3.6	5.95742

2.4	-4	10.5862
2.4	-3.6	11.4043
2.4	-3.2	10.0748
2.4	-2.8	8.76177
2.4	-2.4	8.60786
2.4	-2	8.733
2.4	-1.6	8.29309
2.4	-1.2	7.60107
2.4	-0.8	7.05371
2.4	-0.4	6.57891
2.4	0	6.18324
2.4	0.4	6.06156
2.4	0.8	6.27065
2.4	1.2	6.6111
2.4	1.6	6.8763
2.4	2	7.2598
2.4	2.4	8.10631
2.4	2.8	9.10746
2.4	3.2	9.27051
2.4	3.6	7.90723

2.8	-4	9.18534
2.8	-3.6	10.0551
2.8	-3.2	9.31695
2.8	-2.8	8.86258
2.8	-2.4	9.41821
2.8	-2	9.83413
2.8	-1.6	9.3399
2.8	-1.2	8.59483
2.8	-0.8	8.25138
2.8	-0.4	8.18039
2.8	0	8.18484
2.8	0.4	8.35291
2.8	0.8	8.75029
2.8	1.2	9.11735
2.8	1.6	9.05041
2.8	2	8.70534
2.8	2.4	8.86218
2.8	2.8	9.87175
2.8	3.2	10.8469
2.8	3.6	10.3168

3.2	-4	5.83728
3.2	-3.6	6.61673
3.2	-3.2	6.73927
3.2	-2.8	7.44496
3.2	-2.4	8.88134
3.2	-2	9.87851
3.2	-1.6	9.9296
3.2	-1.2	9.77506
3.2	-0.8	9.82991
3.2	-0.4	9.71129
3.2	0	9.3092
3.2	0.4	9.06806
3.2	0.8	9.35405
3.2	1.2	9.99167
3.2	1.6	10.3923
3.2	2	10.3009
3.2	2.4	10.2938
3.2	2.8	11.1383
3.2	3.2	12.4501
3.2	3.6	12.4715

3.6	-4	2.73224
3.6	-3.6	3.30698
3.6	-3.2	3.91345
3.6	-2.8	5.17639
3.6	-2.4	6.90663
3.6	-2	8.21146
3.6	-1.6	8.87239
3.6	-1.2	9.42628
3.6	-0.8	9.81734
3.6	-0.4	9.43246
3.6	0	8.37952
3.6	0.4	7.54055
3.6	0.8	7.62744
3.6	1.2	8.66489
3.6	1.6	10.0211
3.6	2	10.908
3.6	2.4	11.2312
3.6	2.8	11.7734
3.6	3.2	12.7916
3.6	3.6	12.8626

