-4	-4	0.24071
-4	-3.6	0.65847
-4	-3.2	1.31745
-4	-2.8	1.94243
-4	-2.4	2.15979
-4	-2	1.95042
-4	-1.6	1.77694
-4	-1.2	2.22525
-4	-0.8	3.52531
-4	-0.4	5.16937
-4	0	6.16385
-4	0.4	6.16289
-4	0.8	5.96081
-4	1.2	6.38149
-4	1.6	7.45029
-4	2	8.91144
-4	2.4	10.295
-4	2.8	10.4289
-4	3.2	8.45549
-4	3.6	5.21586

-3.6	-4	0.543171
-3.6	-3.6	1.46752
-3.6	-3.2	2.9151
-3.6	-2.8	4.29772
-3.6	-2.4	4.83194
-3.6	-2	4.44675
-3.6	-1.6	3.93419
-3.6	-1.2	4.19718
-3.6	-0.8	5.58086
-3.6	-0.4	7.50098
-3.6	0	8.7365
-3.6	0.4	8.81137
-3.6	0.8	8.62336
-3.6	1.2	9.02293
-3.6	1.6	9.82278
-3.6	2	10.6844
-3.6	2.4	11.4259
-3.6	2.8	11.2088
-3.6	3.2	9.17562
-3.6	3.6	5.91131

-3.2	-4	0.955708
-3.2	-3.6	2.50941
-3.2	-3.2	4.88883
-3.2	-2.8	7.1516
-3.2	-2.4	8.12053
-3.2	-2	7.70164
-3.2	-1.6	6.88861
-3.2	-1.2	6.61853
-3.2	-0.8	7.24728
-3.2	-0.4	8.47723
-3.2	0	9.43767
-3.2	0.4	9.67196
-3.2	0.8	9.72381
-3.2	1.2	10.0246
-3.2	1.6	10.2295
-3.2	2	10.1987
-3.2	2.4	10.2503
-3.2	2.8	10.0928
-3.2	3.2	8.87973
-3.2	3.6	6.49251

-2.8	-4	1.4071
-2.8	-3.6	3.4927
-2.8	-3.2	6.51719
-2.8	-2.8	9.28226
-2.8	-2.4	10.5151
-2.8	-2	10.2536
-2.8	-1.6	9.44222
-2.8	-1.2	8.62424
-2.8	-0.8	7.99879
-2.8	-0.4	7.84077
-2.8	0	8.11577
-2.8	0.4	8.54167
-2.8	0.8	8.99733
-2.8	1.2	9.2609
-2.8	1.6	9.03409
-2.8	2	8.62015
-2.8	2.4	8.74339
-2.8	2.8	9.41849
-2.8	3.2	9.61151
-2.8	3.6	8.30789

-2.4	-4	1.89656
-2.4	-3.6	4.30549
-2.4	-3.2	7.44567
-2.4	-2.8	9.99158
-2.4	-2.4	10.9448
-2.4	-2	10.6969
-2.4	-1.6	10.0507
-2.4	-1.2	9.00017
-2.4	-0.8	7.48606
-2.4	-0.4	6.22908
-2.4	0	5.92953
-2.4	0.4	6.49394
-2.4	0.8	7.27989
-2.4	1.2	7.65636
-2.4	1.6	7.56063
-2.4	2	7.64262
-2.4	2.4	8.62854
-2.4	2.8	10.4352
-2.4	3.2	11.7855
-2.4	3.6	11.0533

-2	-4	2.51742
-2	-3.6	5.06924
-2	-3.2	7.88336
-2	-2.8	9.60686
-2	-2.4	9.69577
-2	-2	8.99441
-2	-1.6	8.29647
-2	-1.2	7.3084
-2	-0.8	5.7646
-2	-0.4	4.39908
-2	0	4.07208
-2	0.4	4.72569
-2	0.8	5.58733
-2	1.2	6.10638
-2	1.6	6.54017
-2	2	7.54272
-2	2.4	9.38961
-2	2.8	11.676
-2	3.2	13.1843
-2	3.6	12.3693

-1.6	-4	3.4602
-1.6	-3.6	5.96652
-1.6	-3.2	8.113
-1.6	-2.8	8.71938
-1.6	-2.4	7.73692
-1.6	-2	6.33723
-1.6	-1.6	5.36913
-1.6	-1.2	4.56971
-1.6	-0.8	3.61731
-1.6	-0.4	2.96609
-1.6	0	3.15755
-1.6	0.4	3.95871
-1.6	0.8	4.66017
-1.6	1.2	5.06756
-1.6	1.6	5.76934
-1.6	2	7.24546
-1.6	2.4	9.20099
-1.6	2.8	10.9552
-1.6	3.2	11.7073
-1.6	3.6	10.5832

-1.2	-4	5.0064
-1.2	-3.6	7.24207
-1.2	-3.2	8.36362
-1.2	-2.8	7.7167
-1.2	-2.4	5.82548
-1.2	-2	3.95033
-1.2	-1.6	2.82213
-1.2	-1.2	2.258
-1.2	-0.8	1.99611
-1.2	-0.4	2.24356
-1.2	0	3.14625
-1.2	0.4	4.18282
-1.2	0.8	4.62554
-1.2	1.2	4.56293
-1.2	1.6	4.86616
-1.2	2	5.96293
-1.2	2.4	7.27766
-1.2	2.8	8.05495
-1.2	3.2	7.94545
-1.2	3.6	6.772

-0.8	-4	7.07586
-0.8	-3.6	8.86376
-0.8	-3.2	8.72682
-0.8	-2.8	6.82874
-0.8	-2.4	4.31898
-0.8	-2	2.35087
-0.8	-1.6	1.31923
-0.8	-1.2	0.993078
-0.8	-0.8	1.1807
-0.8	-0.4	1.99039
-0.8	0	3.34624
-0.8	0.4	4.53163
-0.8	0.8	4.75365
-0.8	1.2	4.19447
-0.8	1.6	3.85316
-0.8	2	4.217
-0.8	2.4	4.74886
-0.8	2.8	4.7876
-0.8	3.2	4.24289
-0.8	3.6	3.30324

-0.4	-4	8.63937
-0.4	-3.6	9.9033
-0.4	-3.2	8.68993
-0.4	-2.8	5.92715
-0.4	-2.4	3.20547
-0.4	-2	1.45674
-0.4	-1.6	0.702293
-0.4	-1.2	0.58794
-0.4	-0.8	0.924618
-0.4	-0.4	1.77807
-0.4	0	3.0455
-0.4	0.4	4.08325
-0.4	0.8	4.20769
-0.4	1.2	3.61543
-0.4	1.6	3.20003
-0.4	2	3.34478
-0.4	2.4	3.51195
-0.4	2.8	3.13718
-0.4	3.2	2.32179
-0.4	3.6	1.47852

0	-4	8.36495
0	-3.6	9.13061
0	-3.2	7.47786
0	-2.8	4.66332
0	-2.4	2.29384
0	-2	1.04468
0	-1.6	0.720559
0	-1.2	0.86853
0	-0.8	1.19414
0	-0.4	1.68168
0	0	2.35179
0	0.4	2.92395
0	0.8	3.07485
0	1.2	3.06607
0	1.6	3.52421
0	2	4.39908
0	2.4	4.76219
0	2.8	3.97644
0	3.2	2.4994
0	3.6	1.20471

0.4	-4	6.26992
0.4	-3.6	6.6567
0.4	-3.2	5.24006
0.4	-2.8	3.12015
0.4	-2.4	1.561
0.4	-2	1.04857
0.4	-1.6	1.37723
0.4	-1.2	2.00167
0.4	-0.8	2.35699
0.4	-0.4	2.27392
0.4	0	2.03514
0.4	0.4	1.92897
0.4	0.8	2.12101
0.4	1.2	3.00078
0.4	1.6	4.9182
0.4	2	7.17852
0.4	2.4	8.08109
0.4	2.8	6.71663
0.4	3.2	4.08376
0.4	3.6	1.82065

0.8	-4	4.08263
0.8	-3.6	4.25789
0.8	-3.2	3.27571
0.8	-2.8	1.9471
0.8	-2.4	1.19725
0.8	-2	1.46508
0.8	-1.6	2.63438
0.8	-1.2	3.98734
0.8	-0.8	4.50751
0.8	-0.4	3.81046
0.8	0	2.54926
0.8	0.4	1.66155
0.8	0.8	1.75102
0.8	1.2	3.28442
0.8	1.6	6.3865
0.8	2	9.82419
0.8	2.4	11.2067
0.8	2.8	9.3537
0.8	3.2	5.71189
0.8	3.6	2.5714

1.2	-4	3.7522
1.2	-3.6	3.87351
1.2	-3.2	2.95626
1.2	-2.8	1.81449
1.2	-2.4	1.37132
1.2	-2	2.12242
1.2	-1.6	3.9788
1.2	-1.2	5.99628
1.2	-0.8	6.71718
1.2	-0.4	5.56253
1.2	0	3.50629
1.2	0.4	1.97992
1.2	0.8	1.81331
1.2	1.2	3.38473
1.2	1.6	6.62561
1.2	2	10.179
1.2	2.4	11.6302
1.2	2.8	9.81762
1.2	3.2	6.18821
1.2	3.6	3.00023

1.6	-4	5.88965
1.6	-3.6	6.08605
1.6	-3.2	4.69054
1.6	-2.8	2.96186
1.6	-2.4	2.18372
1.6	-2	2.85633
1.6	-1.6	4.75624
1.6	-1.2	6.84955
1.6	-0.8	7.60822
1.6	-0.4	6.41247
1.6	0	4.27044
1.6	0.4	2.65552
1.6	0.8	2.32213
1.6	1.2	3.41902
1.6	1.6	5.72584
1.6	2	8.23329
1.6	2.4	9.3111
1.6	2.8	8.19708
1.6	3.2	5.80739
1.6	3.6	3.51373

2	-4	9.12256
2	-3.6	9.4969
2	-3.2	7.50978
2	-2.8	5.05422
2	-2.4	3.79829
2	-2	4.00814
2	-1.6	5.20018
2	-1.2	6.58349
2	-0.8	7.12181
2	-0.4	6.3529
2	0	4.95662
2	0.4	3.94839
2	0.8	3.77428
2	1.2	4.33538
2	1.6	5.31594
2	2	6.28696
2	2.4	6.81424
2	2.8	6.75402
2	3.2	6.21533
2	3.6	5.16738

2.4	-4	10.8187
2.4	-3.6	11.4276
2.4	-3.2	9.49122
2.4	-2.8	7.22926
2.4	-2.4	6.22787
2.4	-2	6.20121
2.4	-1.6	6.43734
2.4	-1.2	6.73606
2.4	-0.8	6.89601
2.4	-0.4	6.67731
2.4	0	6.27681
2.4	0.4	6.11124
2.4	0.8	6.31558
2.4	1.2	6.6128
2.4	1.6	6.59857
2.4	2	6.31386
2.4	2.4	6.38419
2.4	2.8	7.2801
2.4	3.2	8.40339
2.4	3.6	8.33035

2.8	-4	9.42639
2.8	-3.6	10.2323
2.8	-3.2	9.25704
2.8	-2.8	8.44852
2.8	-2.4	8.70698
2.8	-2	9.06579
2.8	-1.6	8.76966
2.8	-1.2	8.30449
2.8	-0.8	8.14768
2.8	-0.4	8.13682
2.8	0	8.1458
2.8	0.4	8.33448
2.8	0.8	8.77663
2.8	1.2	9.13621
2.8	1.6	8.8796
2.8	2	8.13484
2.8	2.4	8.001
2.8	2.8	9.37309
2.8	3.2	11.3887
2.8	3.6	11.7635

3.2	-4	6.02547
3.2	-3.6	6.87255
3.2	-3.2	7.11178
3.2	-2.8	8.02783
3.2	-2.4	9.68755
3.2	-2	10.7333
3.2	-1.6	10.5742
3.2	-1.2	10.0809
3.2	-0.8	9.86145
3.2	-0.4	9.614
3.2	0	9.20001
3.2	0.4	9.01341
3.2	0.8	9.37831
3.2	1.2	10.0619
3.2	1.6	10.4102
3.2	2	10.1854
3.2	2.4	10.1635
3.2	2.8	11.3422
3.2	3.2	13.1996
3.2	3.6	13.4861

3.6	-4	2.84622
3.6	-3.6	3.53411
3.6	-3.2	4.39695
3.6	-2.8	6.08753
3.6	-2.4	8.23466
3.6	-2	9.62735
3.6	-1.6	9.93487
3.6	-1.2	9.93577
3.6	-0.8	9.89693
3.6	-0.4	9.32398
3.6	0	8.25697
3.6	0.4	7.47978
3.6	0.8	7.6481
3.6	1.2	8.75237
3.6	1.6	10.1292
3.6	2	10.9833
3.6	2.4	11.2532
3.6	2.8	11.7338
3.6	3.2	12.6133
3.6	3.6	12.4469

