-4	-4	0.000761843
-4	-3.6	0.00461974
-4	-3.2	0.0232568
-4	-2.8	0.0879176
-4	-2.4	0.243179
-4	-2	0.489341
-4	-1.6	0.716205
-4	-1.2	0.76742
-4	-0.8	0.627281
-4	-0.4	0.478402
-4	0	0.522848
-4	0.4	0.769311
-4	0.8	1.00129
-4	1.2	0.982998
-4	1.6	0.711207
-4	2	0.397974
-4	2.4	0.227992
-4	2.8	0.219831
-4	3.2	0.275365
-4	3.6	0.287443

-3.6	-4	0.00368345
-3.6	-3.6	0.0164313
-3.6	-3.2	0.0746289
-3.6	-2.8	0.27508
-3.6	-2.4	0.756564
-3.6	-2	1.52051
-3.6	-1.6	2.22476
-3.6	-1.2	2.38327
-3.6	-0.8	1.94591
-3.6	-0.4	1.47693
-3.6	0	1.60066
-3.6	0.4	2.34582
-3.6	0.8	3.05082
-3.6	1.2	2.99613
-3.6	1.6	2.17534
-3.6	2	1.24647
-3.6	2.4	0.789934
-3.6	2.8	0.863166
-3.6	3.2	1.12378
-3.6	3.6	1.18031

-3.2	-4	0.0192399
-3.2	-3.6	0.0543382
-3.2	-3.2	0.188157
-3.2	-2.8	0.636981
-3.2	-2.4	1.71647
-3.2	-2	3.43397
-3.2	-1.6	5.01932
-3.2	-1.2	5.37478
-3.2	-0.8	4.38351
-3.2	-0.4	3.31124
-3.2	0	3.55862
-3.2	0.4	5.19426
-3.2	0.8	6.75013
-3.2	1.2	6.63251
-3.2	1.6	4.83833
-3.2	2	2.85914
-3.2	2.4	2.03215
-3.2	2.8	2.48691
-3.2	3.2	3.3363
-3.2	3.6	3.52027

-2.8	-4	0.0974002
-2.8	-3.6	0.193129
-2.8	-3.2	0.427678
-2.8	-2.8	1.14288
-2.8	-2.4	2.87162
-2.8	-2	5.65086
-2.8	-1.6	8.22917
-2.8	-1.2	8.80331
-2.8	-0.8	7.17088
-2.8	-0.4	5.39118
-2.8	0	5.74542
-2.8	0.4	8.35195
-2.8	0.8	10.8455
-2.8	1.2	10.6644
-2.8	1.6	7.82892
-2.8	2	4.81346
-2.8	2.4	3.88141
-2.8	2.8	5.24639
-2.8	3.2	7.20224
-2.8	3.6	7.62542

-2.4	-4	0.404212
-2.4	-3.6	0.68544
-2.4	-3.2	1.03167
-2.4	-2.8	1.79512
-2.4	-2.4	3.67908
-2.4	-2	6.83665
-2.4	-1.6	9.82394
-2.4	-1.2	10.4765
-2.4	-0.8	8.51946
-2.4	-0.4	6.37451
-2.4	0	6.73629
-2.4	0.4	9.7519
-2.4	0.8	12.6543
-2.4	1.2	12.4559
-2.4	1.6	9.22183
-2.4	2	5.96218
-2.4	2.4	5.49875
-2.4	2.8	8.08941
-2.4	3.2	11.3016
-2.4	3.6	11.9961

-2	-4	1.26557
-2	-3.6	2.04038
-2	-3.2	2.55321
-2	-2.8	2.93553
-2	-2.4	4.01561
-2	-2	6.27269
-2	-1.6	8.60158
-2	-1.2	9.07332
-2	-0.8	7.35334
-2	-0.4	5.47397
-2	0	5.73564
-2	0.4	8.26856
-2	0.8	10.7222
-2	1.2	10.5696
-2	1.6	7.91443
-2	2	5.44822
-2	2.4	5.7686
-2	2.8	9.1038
-2	3.2	12.8879
-2	3.6	13.7054

-1.6	-4	2.90871
-1.6	-3.6	4.62221
-1.6	-3.2	5.43725
-1.6	-2.8	5.0377
-1.6	-2.4	4.45275
-1.6	-2	4.78379
-1.6	-1.6	5.66536
-1.6	-1.2	5.75186
-1.6	-0.8	4.61655
-1.6	-0.4	3.41459
-1.6	0	3.54663
-1.6	0.4	5.0913
-1.6	0.8	6.59857
-1.6	1.2	6.51952
-1.6	1.6	4.95927
-1.6	2	3.69015
-1.6	2.4	4.48004
-1.6	2.8	7.47647
-1.6	3.2	10.683
-1.6	3.6	11.3733

-1.2	-4	4.86897
-1.2	-3.6	7.70649
-1.2	-3.2	8.90454
-1.2	-2.8	7.65122
-1.2	-2.4	5.26948
-1.2	-2	3.60295
-1.2	-1.6	3.03439
-1.2	-1.2	2.72415
-1.2	-0.8	2.11759
-1.2	-0.4	1.54842
-1.2	0	1.59301
-1.2	0.4	2.27797
-1.2	0.8	2.95518
-1.2	1.2	2.94072
-1.2	1.6	2.30851
-1.2	2	1.91321
-1.2	2.4	2.63214
-1.2	2.8	4.52828
-1.2	3.2	6.46725
-1.2	3.6	6.86887

-0.8	-4	5.92316
-0.8	-3.6	9.36485
-0.8	-3.2	10.7672
-0.8	-2.8	9.04907
-0.8	-2.4	5.68733
-0.8	-2	2.92483
-0.8	-1.6	1.55649
-0.8	-1.2	1.02881
-0.8	-0.8	0.721027
-0.8	-0.4	0.512012
-0.8	0	0.5211
-0.8	0.4	0.747584
-0.8	0.8	0.99185
-0.8	1.2	1.05603
-0.8	1.6	0.984604
-0.8	2	1.04443
-0.8	2.4	1.48305
-0.8	2.8	2.28308
-0.8	3.2	3.01745
-0.8	3.6	3.08876

-0.4	-4	5.23349
-0.4	-3.6	8.272
-0.4	-3.2	9.49789
-0.4	-2.8	7.9333
-0.4	-2.4	4.85147
-0.4	-2	2.23405
-0.4	-1.6	0.8625
-0.4	-1.2	0.360269
-0.4	-0.8	0.192097
-0.4	-0.4	0.12533
-0.4	0	0.128853
-0.4	0.4	0.205631
-0.4	0.8	0.35453
-0.4	1.2	0.611508
-0.4	1.6	1.02522
-0.4	2	1.51534
-0.4	2.4	1.85071
-0.4	2.8	1.88049
-0.4	3.2	1.65868
-0.4	3.6	1.28914

0	-4	3.35801
0	-3.6	5.30723
0	-3.2	6.09156
0	-2.8	5.07966
0	-2.4	3.08289
0	-2	1.37269
0	-1.6	0.464285
0	-1.2	0.135785
0	-0.8	0.0463438
0	-0.4	0.0258886
0	0	0.0373683
0	0.4	0.114869
0	0.8	0.3846
0	1.2	1.07255
0	1.6	2.28078
0	2	3.58834
0	2.4	4.14592
0	2.8	3.5334
0	3.2	2.25917
0	3.6	1.12342

0.4	-4	1.5647
0.4	-3.6	2.47313
0.4	-3.2	2.83898
0.4	-2.8	2.36762
0.4	-2.4	1.43591
0.4	-2	0.635527
0.4	-1.6	0.208226
0.4	-1.2	0.0542376
0.4	-0.8	0.0167431
0.4	-0.4	0.0160771
0.4	0	0.0440996
0.4	0.4	0.179847
0.4	0.8	0.685573
0.4	1.2	2.01824
0.4	1.6	4.37361
0.4	2	6.90558
0.4	2.4	7.93015
0.4	2.8	6.62829
0.4	3.2	4.04419
0.4	3.6	1.81432

0.8	-4	0.530198
0.8	-3.6	0.83988
0.8	-3.2	0.969399
0.8	-2.8	0.819292
0.8	-2.4	0.513041
0.8	-2	0.244727
0.8	-1.6	0.0956522
0.8	-1.2	0.0408583
0.8	-0.8	0.038939
0.8	-0.4	0.0678237
0.8	0	0.130301
0.8	0.4	0.325582
0.8	0.8	1.02087
0.8	1.2	2.87566
0.8	1.6	6.18247
0.8	2	9.75397
0.8	2.4	11.2148
0.8	2.8	9.406
0.8	3.2	5.78742
0.8	3.6	2.64856

1.2	-4	0.135078
1.2	-3.6	0.225196
1.2	-3.2	0.291736
1.2	-2.8	0.311858
1.2	-2.4	0.29201
1.2	-2	0.242803
1.2	-1.6	0.179056
1.2	-1.2	0.142772
1.2	-0.8	0.187316
1.2	-0.4	0.323285
1.2	0	0.498469
1.2	0.4	0.724116
1.2	0.8	1.35079
1.2	1.2	3.12169
1.2	1.6	6.42179
1.2	2	10.0803
1.2	2.4	11.6812
1.2	2.8	10.0209
1.2	3.2	6.50079
1.2	3.6	3.33142

1.6	-4	0.0451636
1.6	-3.6	0.122615
1.6	-3.2	0.286331
1.6	-2.8	0.539204
1.6	-2.4	0.777766
1.6	-2	0.840733
1.6	-1.6	0.703599
1.6	-1.2	0.571683
1.6	-0.8	0.712822
1.6	-0.4	1.18678
1.6	0	1.7227
1.6	0.4	1.98431
1.6	0.8	2.13382
1.6	1.2	2.972
1.6	1.6	5.09733
1.6	2	7.79897
1.6	2.4	9.33196
1.6	2.8	8.7388
1.6	3.2	6.74408
1.6	3.6	4.54086

2	-4	0.0727457
2	-3.6	0.27768
2	-3.2	0.781085
2	-2.8	1.60541
2	-2.4	2.40459
2	-2	2.63671
2	-1.6	2.20012
2	-1.2	1.71596
2	-0.8	1.98911
2	-0.4	3.2013
2	0	4.56492
2	0.4	4.95439
2	0.8	4.18382
2	1.2	3.34709
2	1.6	3.59697
2	2	4.95698
2	2.4	6.59149
2	2.8	7.81282
2	3.2	8.23711
2	3.6	7.41903

2.4	-4	0.161101
2.4	-3.6	0.629813
2.4	-3.2	1.78909
2.4	-2.8	3.69186
2.4	-2.4	5.53758
2.4	-2	6.06827
2.4	-1.6	5.02348
2.4	-1.2	3.76699
2.4	-0.8	4.05367
2.4	-0.4	6.29189
2.4	0	8.88676
2.4	0.4	9.51518
2.4	0.8	7.55092
2.4	1.2	4.70369
2.4	1.6	3.02778
2.4	2	3.28757
2.4	2.4	5.30507
2.4	2.8	8.47163
2.4	3.2	11.2623
2.4	3.6	11.5917

2.8	-4	0.269305
2.8	-3.6	1.05389
2.8	-3.2	2.99495
2.8	-2.8	6.18106
2.8	-2.4	9.27034
2.8	-2	10.1479
2.8	-1.6	8.34215
2.8	-1.2	6.03905
2.8	-0.8	6.03337
2.8	-0.4	8.99661
2.8	0	12.5948
2.8	0.4	13.4336
2.8	0.8	10.5178
2.8	1.2	6.13421
2.8	1.6	3.11657
2.8	2	2.7017
2.8	2.4	4.97634
2.8	2.8	9.27886
2.8	3.2	13.4032
2.8	3.6	14.3224

3.2	-4	0.32743
3.2	-3.6	1.28141
3.2	-3.2	3.64156
3.2	-2.8	7.51545
3.2	-2.4	11.2701
3.2	-2	12.3256
3.2	-1.6	10.0719
3.2	-1.2	7.06677
3.2	-0.8	6.56054
3.2	-0.4	9.35776
3.2	0	12.9716
3.2	0.4	13.8068
3.2	0.8	10.7775
3.2	1.2	6.19212
3.2	1.6	2.92987
3.2	2	2.24801
3.2	2.4	4.23699
3.2	2.8	8.25019
3.2	3.2	12.1705
3.2	3.6	13.1212

3.6	-4	0.2891
3.6	-3.6	1.1314
3.6	-3.2	3.21526
3.6	-2.8	6.63554
3.6	-2.4	9.94946
3.6	-2	10.8728
3.6	-1.6	8.83956
3.6	-1.2	6.0333
3.6	-0.8	5.21354
3.6	-0.4	7.08183
3.6	0	9.70516
3.6	0.4	10.3099
3.6	0.8	8.04069
3.6	1.2	4.60172
3.6	1.6	2.12454
3.6	2	1.5146
3.6	2.4	2.79352
3.6	2.8	5.47843
3.6	3.2	8.1189
3.6	3.6	8.77066

